[0.24375    0.25083333 0.25125    0.25208333 0.25166667]
[0.26125    0.26333333 0.26333333 0.26333333 0.26458333]
[0.2375     0.24375    0.24375    0.24458333 0.245     ]
[0.24       0.2425     0.24208333 0.24333333 0.24375   ]
[0.24708333 0.24791667 0.24833333 0.24666667 0.24666667]
[0.26125    0.265      0.26458333 0.26583333 0.26791667]
[0.2475     0.24958333 0.24958333 0.24916667 0.24875   ]
[0.26208333 0.265      0.26708333 0.26583333 0.2675    ]
[0.28208333 0.28708333 0.285      0.2875     0.28791667]
[0.27125    0.27583333 0.27916667 0.2825     0.28416667]
[0.26       0.26541667 0.26666667 0.26875    0.26916667]
[0.24333333 0.24708333 0.25041667 0.25166667 0.25291667]
[0.27125    0.27541667 0.27541667 0.27541667 0.27583333]
[0.29833333 0.30041667 0.30166667 0.30333333 0.30375   ]
[0.28458333 0.29041667 0.29375    0.29416667 0.29625   ]
[0.27458333 0.2775     0.28291667 0.28708333 0.28916667]
[0.27583333 0.28416667 0.28916667 0.29375    0.29333333]
[0.28791667 0.28583333 0.28083333 0.28291667 0.28291667]
[0.27791667 0.28       0.27625    0.27708333 0.27875   ]
[0.28958333 0.29583333 0.30083333 0.3025     0.305     ]
[0.28666667 0.28833333 0.29416667 0.29833333 0.29791667]
[0.2725     0.27041667 0.27375    0.27583333 0.27875   ]
[0.29583333 0.30333333 0.305      0.30625    0.30666667]
[0.26541667 0.26833333 0.27208333 0.27375    0.27416667]
[0.27541667 0.27833333 0.28333333 0.28333333 0.28333333]
[0.29541667 0.29875    0.30375    0.3075     0.30916667]
[0.29625    0.3025     0.30458333 0.30708333 0.30708333]
[0.28458333 0.29625    0.3        0.30166667 0.30458333]
[0.30375    0.31208333 0.31416667 0.31875    0.32208333]
[0.28625    0.30041667 0.30166667 0.30208333 0.30375   ]
[0.27416667 0.28666667 0.28791667 0.29166667 0.295     ]
[0.31       0.32583333 0.32833333 0.3325     0.335     ]
[0.31625    0.32291667 0.32625    0.32541667 0.32791667]
[0.31       0.31416667 0.31833333 0.3225     0.32291667]
[0.29166667 0.29458333 0.29958333 0.29833333 0.30166667]
[0.3        0.30208333 0.29833333 0.29791667 0.29875   ]
[0.28291667 0.29083333 0.29333333 0.29625    0.29625   ]
[0.32458333 0.33291667 0.3375     0.33625    0.33791667]
[0.3        0.30666667 0.31083333 0.30916667 0.31      ]
[0.285      0.28583333 0.28583333 0.28333333 0.28375   ]
[0.30791667 0.32166667 0.32583333 0.32458333 0.32541667]
[0.28166667 0.29208333 0.29875    0.3025     0.30333333]
[0.28791667 0.29791667 0.30291667 0.30291667 0.30375   ]
[0.3        0.30375    0.30791667 0.3125     0.31458333]
[0.29916667 0.30416667 0.30833333 0.3125     0.31291667]
[0.3075     0.32083333 0.32416667 0.33208333 0.33666667]
[0.3025     0.30791667 0.31166667 0.31375    0.31416667]
[0.3025     0.31375    0.3175     0.31916667 0.32291667]
[0.28625    0.29833333 0.30666667 0.30916667 0.31      ]
[0.29791667 0.29416667 0.29625    0.29958333 0.30083333]
[0.28708333 0.29333333 0.2975     0.29958333 0.30291667]
[0.30666667 0.31625    0.3175     0.31791667 0.32208333]
[0.29666667 0.29708333 0.29791667 0.30208333 0.30041667]
[0.29916667 0.31208333 0.315      0.31458333 0.31791667]
[0.30833333 0.32125    0.32541667 0.32833333 0.32958333]
[0.2825     0.3        0.29708333 0.30125    0.3025    ]
[0.28541667 0.29625    0.29916667 0.29916667 0.29875   ]
[0.2775     0.28375    0.28708333 0.29041667 0.28916667]
[0.31666667 0.32875    0.32458333 0.3275     0.32666667]
[0.28875    0.29208333 0.29375    0.29375    0.29583333]
[0.30125    0.30875    0.31583333 0.32125    0.32333333]
[0.3        0.30375    0.30708333 0.3075     0.30916667]
[0.29666667 0.2975     0.2975     0.29875    0.30166667]
[0.27291667 0.28791667 0.29541667 0.29666667 0.29416667]
[0.30666667 0.31125    0.31833333 0.32       0.325     ]
[0.30625    0.31708333 0.32       0.32083333 0.32166667]
[0.31291667 0.32       0.31708333 0.32083333 0.3225    ]
[0.26708333 0.28041667 0.28458333 0.28541667 0.2875    ]
[0.30833333 0.31916667 0.32083333 0.32625    0.32791667]
[0.2875     0.30458333 0.31041667 0.31166667 0.315     ]
[0.30208333 0.31166667 0.32041667 0.32833333 0.32791667]
[0.3125     0.32333333 0.32666667 0.32833333 0.33291667]
[0.30083333 0.31708333 0.31708333 0.32166667 0.32458333]
[0.29916667 0.30666667 0.30791667 0.3125     0.31333333]
[0.30166667 0.31375    0.31666667 0.31958333 0.31916667]
[0.31166667 0.325      0.32875    0.32333333 0.32041667]
[0.28958333 0.30375    0.31041667 0.30833333 0.31      ]
[0.31875    0.32791667 0.33083333 0.32833333 0.32583333]
[0.32458333 0.32958333 0.33041667 0.33458333 0.33708333]
[0.30416667 0.315      0.32       0.32375    0.32708333]
[0.29875    0.30791667 0.31666667 0.32583333 0.32791667]
[0.30083333 0.31208333 0.31791667 0.32041667 0.31958333]
[0.29625    0.30458333 0.30916667 0.31083333 0.3125    ]
[0.295      0.3075     0.31125    0.31625    0.31916667]
[0.30125    0.31583333 0.32041667 0.32208333 0.32583333]
[0.29916667 0.3125     0.31666667 0.31791667 0.31875   ]
[0.28625    0.30625    0.30541667 0.30875    0.3075    ]
[0.32458333 0.33375    0.34083333 0.34041667 0.3425    ]
[0.31791667 0.32458333 0.32958333 0.33166667 0.33      ]
[0.2975     0.31666667 0.32333333 0.32458333 0.32541667]
[0.30666667 0.32375    0.32958333 0.3325     0.33166667]
[0.32958333 0.33333333 0.33708333 0.33958333 0.34125   ]
[0.29166667 0.30666667 0.31166667 0.31333333 0.31416667]
[0.32833333 0.34125    0.34416667 0.34666667 0.35125   ]
[0.32458333 0.33583333 0.34       0.34041667 0.34      ]
[0.29875    0.305      0.30666667 0.30916667 0.31041667]
[0.31458333 0.32166667 0.33333333 0.33458333 0.33666667]
[0.315      0.34083333 0.34666667 0.35041667 0.35166667]
[0.33125    0.34416667 0.34708333 0.34791667 0.3475    ]
[0.31375    0.32625    0.33041667 0.33291667 0.335     ]

[0.31369624 0.23897849 0.30670699 0.25024194 0.3025     0.25543011
 0.29971774 0.25744624 0.29837366 0.25983871]
[0.29625    0.29833333 0.305      0.30541667 0.31      ]
[0.3225     0.33041667 0.3325     0.335      0.33583333]
[0.32333333 0.33291667 0.33541667 0.33333333 0.33166667]
[0.32791667 0.34       0.34541667 0.34708333 0.34958333]
[0.30458333 0.32       0.32333333 0.32583333 0.32458333]
[0.31916667 0.32666667 0.33166667 0.33416667 0.33625   ]
[0.29791667 0.30958333 0.31375    0.32041667 0.3225    ]
[0.34583333 0.36916667 0.37041667 0.36958333 0.36791667]
[0.33291667 0.34083333 0.34458333 0.3425     0.3425    ]
[0.3075     0.31916667 0.32041667 0.32833333 0.33416667]
[0.30541667 0.32166667 0.32208333 0.32625    0.33      ]
[0.29708333 0.31791667 0.32541667 0.33083333 0.33291667]
[0.31416667 0.31583333 0.32       0.32083333 0.32083333]
[0.31666667 0.32125    0.32791667 0.33083333 0.33083333]
[0.29625    0.3075     0.30958333 0.31083333 0.31083333]
[0.28916667 0.30041667 0.30416667 0.30583333 0.30708333]
[0.30416667 0.31541667 0.3175     0.32333333 0.32666667]
[0.30916667 0.32708333 0.33375    0.33166667 0.33125   ]
[0.30625    0.32333333 0.32666667 0.3275     0.32791667]
[0.36166667 0.37791667 0.38166667 0.37958333 0.37958333]
[0.32958333 0.3425     0.34541667 0.34708333 0.34916667]
[0.33583333 0.35375    0.36125    0.36375    0.36541667]
[0.29958333 0.32166667 0.33       0.33625    0.33833333]
[0.315      0.32083333 0.32166667 0.32458333 0.32166667]
[0.32666667 0.33958333 0.35       0.35458333 0.35958333]
[0.30708333 0.31958333 0.32375    0.32875    0.32875   ]
[0.30458333 0.31875    0.32333333 0.32583333 0.3275    ]
[0.34083333 0.35541667 0.35541667 0.35541667 0.35708333]
[0.34791667 0.35125    0.355      0.35958333 0.36041667]
[0.29708333 0.30833333 0.31083333 0.31166667 0.31416667]
[0.29958333 0.30833333 0.315      0.31541667 0.31625   ]
[0.28875    0.30291667 0.30833333 0.315      0.315     ]
[0.32291667 0.32916667 0.32958333 0.33208333 0.335     ]
[0.29166667 0.30583333 0.31083333 0.31375    0.31625   ]
[0.34041667 0.35666667 0.36208333 0.36625    0.36916667]
[0.33083333 0.3425     0.34083333 0.34583333 0.34916667]
[0.28875    0.29916667 0.3        0.30416667 0.3025    ]
[0.32208333 0.33041667 0.33666667 0.33958333 0.34208333]
[0.31125    0.32125    0.32541667 0.32875    0.33041667]
[0.33666667 0.35291667 0.35875    0.36416667 0.36458333]
[0.34291667 0.35875    0.36333333 0.36458333 0.36291667]
[0.32416667 0.3375     0.34666667 0.35291667 0.3575    ]
[0.3275     0.33666667 0.34791667 0.34875    0.3475    ]
[0.33208333 0.35083333 0.36208333 0.36333333 0.365     ]
[0.31791667 0.33208333 0.33791667 0.34333333 0.34625   ]
[0.32708333 0.33291667 0.33333333 0.33291667 0.33583333]
[0.31875    0.33416667 0.33791667 0.33791667 0.3375    ]
[0.33416667 0.3525     0.36375    0.36833333 0.36833333]
[0.3225     0.34208333 0.34833333 0.34791667 0.34708333]
[0.32291667 0.33958333 0.34541667 0.34375    0.34541667]
[0.32208333 0.32583333 0.33458333 0.33958333 0.34041667]
[0.31708333 0.32833333 0.33416667 0.33875    0.34083333]
[0.33666667 0.34083333 0.34416667 0.345      0.34541667]
[0.34041667 0.34666667 0.34666667 0.35       0.34916667]
[0.33875    0.35791667 0.36416667 0.36875    0.37125   ]
[0.34041667 0.35875    0.35791667 0.35958333 0.36041667]
[0.35416667 0.36291667 0.36833333 0.36916667 0.37041667]
[0.3075     0.33125    0.33583333 0.335      0.33541667]
[0.31416667 0.32416667 0.32916667 0.33333333 0.33625   ]
[0.34125    0.35166667 0.36041667 0.36791667 0.36708333]
[0.315      0.335      0.34541667 0.34666667 0.3475    ]
[0.30583333 0.315      0.31875    0.32166667 0.32125   ]
[0.325   0.34125 0.3475  0.34875 0.355  ]
[0.33625    0.34125    0.3375     0.34041667 0.34      ]
[0.3275     0.33458333 0.33875    0.34375    0.34125   ]
[0.30583333 0.32583333 0.33208333 0.335      0.3375    ]
[0.33041667 0.34166667 0.35       0.34833333 0.34833333]
[0.31541667 0.33083333 0.33875    0.34041667 0.3425    ]
[0.31583333 0.33625    0.33958333 0.34208333 0.34166667]
[0.32708333 0.33083333 0.33875    0.3425     0.34291667]
[0.30291667 0.30666667 0.3075     0.3075     0.30875   ]
[0.32666667 0.34416667 0.34375    0.35041667 0.35416667]
[0.35416667 0.36791667 0.37166667 0.37333333 0.3775    ]
[0.32291667 0.33625    0.335      0.33375    0.33375   ]
[0.32666667 0.33958333 0.33958333 0.33708333 0.34166667]
[0.32625    0.34875    0.35291667 0.35208333 0.35458333]
[0.31208333 0.3275     0.33625    0.33666667 0.33791667]
[0.33541667 0.34041667 0.3425     0.345      0.34416667]
[0.3225     0.3325     0.33583333 0.33666667 0.34041667]
[0.30958333 0.31416667 0.31875    0.31916667 0.3225    ]
[0.325      0.32958333 0.33791667 0.34       0.33916667]
[0.30625    0.31708333 0.31916667 0.32166667 0.32083333]
[0.30125    0.3225     0.33333333 0.34       0.34208333]
[0.32083333 0.33625    0.33708333 0.34       0.34458333]
[0.33833333 0.34625    0.3475     0.34625    0.34625   ]
[0.30916667 0.31791667 0.32708333 0.32833333 0.335     ]
[0.31208333 0.33083333 0.33208333 0.335      0.33791667]
[0.34375    0.35833333 0.36333333 0.3625     0.36208333]
[0.33291667 0.35625    0.35958333 0.36416667 0.36625   ]
[0.34       0.35041667 0.35375    0.35833333 0.35708333]
[0.34041667 0.35666667 0.36208333 0.36625    0.36416667]
[0.30375    0.31125    0.31916667 0.32583333 0.32583333]
[0.30625    0.32041667 0.32541667 0.32458333 0.32333333]
[0.29416667 0.30333333 0.3125     0.31583333 0.31666667]
[0.30166667 0.32291667 0.32666667 0.3325     0.33166667]
[0.32458333 0.33875    0.34041667 0.34458333 0.34458333]
[0.30958333 0.32333333 0.32583333 0.32875    0.32458333]
[0.34666667 0.35958333 0.37125    0.37291667 0.37333333]
[0.31958333 0.34333333 0.35375    0.35541667 0.35791667]
[0.31958333 0.33458333 0.33375    0.33833333 0.34291667]

[0.3221371  0.25611559 0.31193548 0.27106183 0.30686828 0.2755914
 0.30431452 0.27831989 0.30251344 0.28016129]
[0.3375     0.35791667 0.36083333 0.36458333 0.36541667]
[0.31958333 0.325      0.33083333 0.33       0.33125   ]
[0.3175     0.33458333 0.34       0.34291667 0.34625   ]
[0.32833333 0.34666667 0.35291667 0.35875    0.35791667]
[0.33375    0.35916667 0.3625     0.36625    0.36916667]
[0.35708333 0.36875    0.36791667 0.36916667 0.37083333]
[0.30083333 0.32333333 0.32916667 0.33041667 0.33291667]
[0.34416667 0.37041667 0.38166667 0.38541667 0.38625   ]
[0.34416667 0.35708333 0.35875    0.36       0.3625    ]
[0.32791667 0.33958333 0.34833333 0.35       0.35208333]
[0.34541667 0.36166667 0.36291667 0.36083333 0.36291667]
[0.31708333 0.33458333 0.34291667 0.3425     0.34458333]
[0.31375    0.33375    0.34166667 0.3425     0.34458333]
[0.31333333 0.3275     0.32333333 0.32625    0.33125   ]
[0.36541667 0.38       0.39208333 0.39416667 0.39541667]
[0.34208333 0.35666667 0.36666667 0.36583333 0.36791667]
[0.31041667 0.32041667 0.32416667 0.32833333 0.32875   ]
[0.32375 0.34375 0.355   0.36    0.35875]
[0.32958333 0.34291667 0.34833333 0.3525     0.35125   ]
[0.34       0.35541667 0.3575     0.35708333 0.35833333]
[0.31666667 0.33       0.33291667 0.33583333 0.335     ]
[0.32208333 0.33625    0.3475     0.34541667 0.3475    ]
[0.34958333 0.36083333 0.36791667 0.36833333 0.3725    ]
[0.35875    0.37375    0.38208333 0.38541667 0.38708333]
[0.32541667 0.34       0.34166667 0.345      0.34375   ]
[0.31166667 0.315      0.32083333 0.3225     0.32666667]
[0.32833333 0.34083333 0.3475     0.355      0.35541667]
[0.33666667 0.35416667 0.35666667 0.35791667 0.3625    ]
[0.33291667 0.35208333 0.35416667 0.3575     0.35875   ]
[0.3425     0.36041667 0.36625    0.36708333 0.36958333]
[0.3325     0.34458333 0.35291667 0.35208333 0.35541667]
[0.35208333 0.36958333 0.37375    0.3725     0.37083333]
[0.35875    0.3775     0.38       0.38       0.38291667]
[0.33208333 0.34916667 0.35       0.35166667 0.35291667]
[0.32666667 0.34291667 0.35125    0.34958333 0.3525    ]
[0.33291667 0.34666667 0.34833333 0.35375    0.35666667]
[0.32333333 0.34583333 0.35166667 0.35416667 0.35666667]
[0.33666667 0.35       0.355      0.35416667 0.3575    ]
[0.34125    0.35541667 0.36125    0.3675     0.36708333]
[0.33125    0.34291667 0.35166667 0.35583333 0.35875   ]
[0.325      0.34       0.3475     0.35166667 0.35041667]
[0.35       0.3625     0.37041667 0.37208333 0.37208333]
[0.31666667 0.34208333 0.34958333 0.35416667 0.35333333]
[0.34333333 0.36125    0.36333333 0.36625    0.36833333]
[0.31       0.3225     0.325      0.32541667 0.325     ]
[0.35041667 0.3625     0.36333333 0.36458333 0.36416667]
[0.33833333 0.35166667 0.35       0.35166667 0.35416667]
[0.33625    0.35333333 0.35208333 0.35458333 0.35875   ]
[0.34458333 0.36208333 0.35958333 0.35958333 0.3625    ]
[0.3325     0.3475     0.35041667 0.35208333 0.34916667]
[0.35208333 0.3675     0.37958333 0.38458333 0.38625   ]
[0.36833333 0.37583333 0.38083333 0.38416667 0.38125   ]
[0.32916667 0.35       0.35125    0.35166667 0.35125   ]
[0.33125    0.34875    0.35166667 0.35166667 0.3525    ]
[0.30291667 0.32041667 0.32916667 0.33333333 0.335     ]
[0.29583333 0.30791667 0.31041667 0.31208333 0.31416667]
[0.34166667 0.36291667 0.36916667 0.37375    0.37541667]
[0.35       0.36083333 0.36125    0.35833333 0.36125   ]
[0.35541667 0.37125    0.37708333 0.38166667 0.38458333]
[0.33583333 0.35375    0.36458333 0.36666667 0.36791667]
[0.35208333 0.36875    0.375      0.37666667 0.38      ]
[0.33541667 0.35       0.35416667 0.35083333 0.35375   ]
[0.34041667 0.35583333 0.3575     0.36125    0.36416667]
[0.3325     0.33875    0.35208333 0.3525     0.35458333]
[0.33916667 0.35791667 0.36291667 0.36416667 0.36791667]
[0.34416667 0.35916667 0.36208333 0.35708333 0.35625   ]
[0.34791667 0.36375    0.36708333 0.37041667 0.37541667]
[0.32       0.33333333 0.335      0.33875    0.34125   ]
[0.35166667 0.35958333 0.36166667 0.365      0.36875   ]
[0.32625    0.335      0.34166667 0.33958333 0.345     ]
[0.31708333 0.33083333 0.33541667 0.33791667 0.3375    ]
[0.34916667 0.37333333 0.37333333 0.37458333 0.375     ]
[0.32916667 0.34291667 0.34375    0.345      0.34666667]
[0.32416667 0.32958333 0.335      0.33791667 0.34416667]
[0.355      0.37375    0.37958333 0.3825     0.3825    ]
[0.31833333 0.33208333 0.33208333 0.33416667 0.33541667]
[0.34708333 0.35583333 0.36125    0.36416667 0.36208333]
[0.36833333 0.38291667 0.38833333 0.38458333 0.38791667]
[0.33333333 0.35333333 0.3575     0.35875    0.35916667]
[0.34208333 0.35458333 0.35958333 0.35833333 0.36166667]
[0.31208333 0.325      0.3325     0.33875    0.34208333]
[0.34083333 0.35833333 0.3575     0.36375    0.36583333]
[0.32833333 0.34166667 0.345      0.34541667 0.34625   ]
[0.33958333 0.36291667 0.37125    0.3725     0.37416667]
[0.31666667 0.32666667 0.3325     0.33833333 0.34083333]
[0.34208333 0.35541667 0.36       0.36125    0.35916667]
[0.34125    0.35583333 0.36708333 0.37       0.36791667]
[0.3375     0.3625     0.36583333 0.36666667 0.37041667]
[0.32416667 0.34208333 0.34416667 0.34375    0.34958333]
[0.34625    0.35958333 0.3675     0.37083333 0.37333333]
[0.33708333 0.35333333 0.35625    0.36333333 0.365     ]
[0.35041667 0.37208333 0.37416667 0.37875    0.38208333]
[0.36875    0.385      0.38833333 0.39166667 0.39083333]
[0.35083333 0.36916667 0.37083333 0.37375    0.37583333]
[0.34       0.34958333 0.35083333 0.35666667 0.35375   ]
[0.31041667 0.32541667 0.325      0.32625    0.33083333]
[0.35833333 0.38083333 0.38458333 0.38625    0.39041667]
[0.34166667 0.36041667 0.36708333 0.37458333 0.38083333]
[0.34083333 0.36125    0.36166667 0.36875    0.37041667]
[0.33833333 0.35458333 0.36458333 0.36458333 0.36333333]

[0.3458871  0.28240591 0.33466398 0.2988172  0.32903226 0.30458333
 0.32651882 0.30658602 0.32517473 0.30853495]
[0.3525     0.36083333 0.36458333 0.36458333 0.36708333]
[0.37333333 0.37875    0.37875    0.37833333 0.38083333]
[0.34083333 0.35333333 0.35958333 0.36041667 0.35708333]
[0.345      0.3625     0.36833333 0.37041667 0.37041667]
[0.355      0.37125    0.37791667 0.37791667 0.38208333]
[0.325      0.34       0.34       0.34208333 0.34291667]
[0.35291667 0.37083333 0.38       0.38291667 0.38291667]
[0.37166667 0.38583333 0.39458333 0.39291667 0.39208333]
[0.36083333 0.37625    0.38041667 0.38       0.37666667]
[0.36958333 0.39083333 0.395      0.39958333 0.39916667]
[0.33083333 0.34208333 0.34833333 0.355      0.35583333]
[0.33666667 0.35125    0.35333333 0.35666667 0.35541667]
[0.35208333 0.36708333 0.37708333 0.37875    0.38083333]
[0.33916667 0.345      0.34958333 0.35791667 0.35916667]
[0.34208333 0.35666667 0.35833333 0.36125    0.36      ]
[0.34666667 0.36375    0.37       0.37708333 0.37583333]
[0.32916667 0.335      0.34166667 0.34375    0.34291667]
[0.33958333 0.35583333 0.3575     0.36041667 0.36291667]
[0.3525     0.36583333 0.36791667 0.37083333 0.37125   ]
[0.34833333 0.37166667 0.37291667 0.38083333 0.38166667]
[0.37333333 0.38666667 0.39083333 0.39708333 0.39791667]
[0.3625     0.38375    0.38375    0.38833333 0.39125   ]
[0.32166667 0.3425     0.34541667 0.3475     0.34958333]
[0.36       0.38291667 0.3875     0.39166667 0.39416667]
[0.35791667 0.37666667 0.38291667 0.3825     0.38541667]
[0.36625    0.38875    0.39666667 0.40166667 0.4       ]
[0.34       0.36208333 0.36958333 0.37       0.37208333]
[0.345      0.35333333 0.36291667 0.3625     0.36541667]
[0.36708333 0.38       0.39       0.3875     0.39083333]
[0.32416667 0.35041667 0.35708333 0.36       0.36208333]
[0.34833333 0.35625    0.36       0.36       0.36541667]
[0.33625    0.35833333 0.36625    0.36625    0.36541667]
[0.3225     0.33916667 0.34541667 0.34708333 0.34875   ]
[0.33       0.35208333 0.35875    0.3625     0.36208333]
[0.325      0.34125    0.34583333 0.35166667 0.35208333]
[0.33083333 0.34875    0.355      0.35708333 0.3575    ]
[0.32958333 0.35208333 0.35166667 0.355      0.35958333]
[0.34958333 0.36708333 0.37333333 0.3775     0.37666667]
[0.34041667 0.36083333 0.36       0.3625     0.3625    ]
[0.33291667 0.34416667 0.34916667 0.35       0.35375   ]
[0.33833333 0.36041667 0.36875    0.36791667 0.37041667]
[0.35666667 0.38291667 0.39041667 0.39583333 0.39708333]
[0.34958333 0.37625    0.38166667 0.38041667 0.37958333]
[0.32166667 0.34708333 0.35208333 0.35708333 0.35958333]
[0.385      0.40166667 0.41208333 0.41458333 0.41708333]
[0.3475     0.36958333 0.36875    0.37208333 0.37583333]
[0.34458333 0.36       0.36291667 0.36291667 0.36458333]
[0.33208333 0.35583333 0.36375    0.37041667 0.36958333]
[0.35708333 0.36583333 0.37083333 0.37375    0.37583333]
[0.33458333 0.35041667 0.34958333 0.35041667 0.35      ]
[0.35416667 0.37041667 0.37708333 0.37791667 0.37875   ]
[0.36       0.37083333 0.37666667 0.37708333 0.37916667]
[0.3275     0.34916667 0.36041667 0.36291667 0.36541667]
[0.36833333 0.38125    0.38541667 0.38583333 0.38416667]
[0.36541667 0.385      0.38833333 0.39166667 0.39333333]
[0.37166667 0.38208333 0.39041667 0.39541667 0.39375   ]
[0.3675     0.39166667 0.39708333 0.39916667 0.40125   ]
[0.34708333 0.36916667 0.37208333 0.37       0.36875   ]
[0.35916667 0.37375    0.37958333 0.38166667 0.38333333]
[0.34125    0.35       0.34833333 0.34875    0.34833333]
[0.35       0.35875    0.36666667 0.36875    0.37      ]
[0.3575     0.37458333 0.37666667 0.38       0.38375   ]
[0.34208333 0.35541667 0.35791667 0.35791667 0.36      ]
[0.31416667 0.33708333 0.33791667 0.3425     0.34208333]
[0.35625    0.37125    0.37791667 0.38083333 0.38166667]
[0.38958333 0.41166667 0.41958333 0.42416667 0.42833333]
[0.38875    0.40125    0.40708333 0.40541667 0.40708333]
[0.35208333 0.37583333 0.38041667 0.38625    0.38708333]
[0.35291667 0.37208333 0.3775     0.37791667 0.37708333]
[0.36916667 0.37541667 0.38083333 0.38208333 0.38333333]
[0.36208333 0.37291667 0.3825     0.38875    0.39      ]
[0.33791667 0.34583333 0.3525     0.35541667 0.36      ]
[0.35416667 0.38125    0.38625    0.3875     0.38875   ]
[0.34458333 0.36125    0.36875    0.36916667 0.36666667]
[0.34708333 0.35875    0.36416667 0.36208333 0.36541667]
[0.35083333 0.36791667 0.37708333 0.38166667 0.38166667]
[0.33166667 0.34916667 0.35541667 0.36166667 0.36166667]
[0.36625    0.3925     0.39333333 0.39333333 0.39416667]
[0.38166667 0.40291667 0.41083333 0.41625    0.41791667]
[0.35125    0.36916667 0.37125    0.375      0.37583333]
[0.34833333 0.36458333 0.36625    0.36916667 0.36666667]
[0.36958333 0.38708333 0.38708333 0.38916667 0.38958333]
[0.34125    0.37041667 0.375      0.37708333 0.37916667]
[0.35166667 0.36375    0.37333333 0.37875    0.37916667]
[0.35708333 0.37166667 0.38083333 0.38583333 0.38666667]
[0.33666667 0.36333333 0.36333333 0.36833333 0.37208333]
[0.37416667 0.38625    0.39333333 0.39833333 0.39958333]
[0.34666667 0.36       0.36375    0.36333333 0.36625   ]
[0.32375    0.34083333 0.34458333 0.3475     0.3475    ]
[0.35208333 0.375      0.38166667 0.38958333 0.38958333]
[0.36791667 0.38708333 0.39416667 0.39875    0.4       ]
[0.35291667 0.36208333 0.36625    0.37166667 0.375     ]
[0.37083333 0.39666667 0.39958333 0.39875    0.40291667]
[0.35583333 0.38       0.38458333 0.38791667 0.38916667]
[0.35       0.37291667 0.37083333 0.37166667 0.36958333]
[0.385      0.40083333 0.4        0.40458333 0.40666667]
[0.35166667 0.36625    0.3675     0.37041667 0.37333333]
[0.36625    0.39       0.3925     0.39458333 0.39833333]
[0.33125    0.36083333 0.3675     0.3725     0.37625   ]
[0.37666667 0.38833333 0.39       0.39083333 0.39166667]

[0.35424731 0.29836022 0.34110215 0.31401882 0.33670699 0.31926075
 0.33424731 0.32135753 0.3330914  0.32235215]
[0.32       0.33541667 0.3425     0.34333333 0.34458333]
[0.34708333 0.34541667 0.34916667 0.3525     0.35291667]
[0.34833333 0.37       0.37583333 0.37875    0.38291667]
[0.35375    0.38125    0.38208333 0.38208333 0.38291667]
[0.40375    0.42458333 0.43166667 0.43       0.43375   ]
[0.35875    0.38333333 0.39291667 0.39666667 0.4       ]
[0.34       0.34875    0.35708333 0.35666667 0.35666667]
[0.3575     0.36416667 0.37375    0.37666667 0.38083333]
[0.37958333 0.39833333 0.4075     0.41       0.4125    ]
[0.37375    0.38916667 0.39375    0.39375    0.39583333]
[0.36291667 0.37833333 0.39166667 0.39333333 0.39375   ]
[0.36916667 0.38958333 0.39375    0.39791667 0.39916667]
[0.37583333 0.40583333 0.40708333 0.4075     0.41      ]
[0.35875    0.37208333 0.37458333 0.37708333 0.37916667]
[0.36791667 0.37291667 0.3725     0.37416667 0.37333333]
[0.35625    0.38666667 0.40208333 0.40458333 0.40666667]
[0.34416667 0.36583333 0.37708333 0.37791667 0.37833333]
[0.36833333 0.38458333 0.39375    0.3975     0.39708333]
[0.35166667 0.37541667 0.38541667 0.38458333 0.385     ]
[0.33       0.34958333 0.35666667 0.35958333 0.36      ]
[0.37916667 0.38875    0.39541667 0.39666667 0.39791667]
[0.36875    0.38875    0.39666667 0.4025     0.40333333]
[0.36458333 0.38666667 0.395      0.39875    0.40291667]
[0.35625    0.38166667 0.38416667 0.38708333 0.39208333]
[0.37041667 0.38541667 0.39       0.39166667 0.39208333]
[0.36625    0.38916667 0.39041667 0.395      0.3975    ]
[0.37       0.38958333 0.39583333 0.39166667 0.39458333]
[0.3575     0.36375    0.36916667 0.37458333 0.37625   ]
[0.37416667 0.39291667 0.40333333 0.40583333 0.40708333]
[0.37166667 0.38583333 0.39208333 0.3975     0.40125   ]
[0.37083333 0.38458333 0.38708333 0.38791667 0.3875    ]
[0.36333333 0.37333333 0.38041667 0.38083333 0.38      ]
[0.34875    0.36833333 0.37541667 0.37583333 0.37833333]
[0.39166667 0.41       0.41583333 0.41708333 0.41541667]
[0.34875    0.36583333 0.36666667 0.36458333 0.365     ]
[0.38083333 0.4        0.40375    0.40375    0.40708333]
[0.34583333 0.36041667 0.36708333 0.36958333 0.37083333]
[0.38583333 0.40291667 0.4075     0.40875    0.4125    ]
[0.36       0.37708333 0.38583333 0.38666667 0.38833333]
[0.38083333 0.41416667 0.42333333 0.43208333 0.43041667]
[0.35625    0.37083333 0.37541667 0.37583333 0.38125   ]
[0.33875    0.35916667 0.36583333 0.36666667 0.37166667]
[0.35625    0.35875    0.36625    0.36666667 0.37083333]
[0.34666667 0.36875    0.3825     0.38125    0.38666667]
[0.39166667 0.40416667 0.40958333 0.41166667 0.41541667]
[0.34375    0.35583333 0.36041667 0.36375    0.36625   ]
[0.36416667 0.39125    0.3925     0.39958333 0.4       ]
[0.35041667 0.36208333 0.36916667 0.37291667 0.37791667]
[0.35958333 0.38375    0.38916667 0.39041667 0.39083333]
[0.37583333 0.38958333 0.39708333 0.40291667 0.40625   ]
[0.34583333 0.36083333 0.36333333 0.36208333 0.36458333]
[0.37125    0.39083333 0.38833333 0.39125    0.3925    ]
[0.35958333 0.38708333 0.39625    0.40166667 0.40375   ]
[0.36583333 0.38083333 0.38708333 0.39666667 0.39958333]
[0.34916667 0.36791667 0.37625    0.37458333 0.37625   ]
[0.37375    0.39333333 0.40333333 0.40708333 0.41208333]
[0.36833333 0.38166667 0.39291667 0.39125    0.38916667]
[0.3525     0.36958333 0.38208333 0.38541667 0.38666667]
[0.34458333 0.36291667 0.36583333 0.36458333 0.36625   ]
[0.38208333 0.39625    0.39291667 0.39166667 0.39083333]
[0.3825     0.39791667 0.39708333 0.3975     0.39791667]
[0.36333333 0.395      0.40333333 0.40916667 0.41      ]
[0.36791667 0.38291667 0.38708333 0.38375    0.38583333]
[0.34041667 0.36958333 0.37416667 0.37208333 0.37625   ]
[0.34041667 0.36208333 0.3675     0.37041667 0.3725    ]
[0.33958333 0.35916667 0.36708333 0.36958333 0.37041667]
[0.33208333 0.355      0.36208333 0.36166667 0.36625   ]
[0.35333333 0.36458333 0.3725     0.37291667 0.375     ]
[0.33708333 0.365      0.37041667 0.36666667 0.365     ]
[0.35166667 0.36625    0.36791667 0.36958333 0.37208333]
[0.35416667 0.37541667 0.37541667 0.3825     0.3825    ]
[0.35041667 0.3675     0.38166667 0.38875    0.39166667]
[0.36666667 0.38541667 0.3925     0.39625    0.39416667]
[0.36166667 0.38416667 0.38833333 0.395      0.39708333]
[0.34416667 0.36291667 0.37       0.37       0.3725    ]
[0.37208333 0.38708333 0.38583333 0.39041667 0.39083333]
[0.35375    0.37666667 0.38416667 0.3875     0.39083333]
[0.37083333 0.39583333 0.40166667 0.40041667 0.40125   ]
[0.35833333 0.36958333 0.37291667 0.37458333 0.37666667]
[0.37333333 0.38916667 0.3975     0.39833333 0.39958333]
[0.37041667 0.38791667 0.39708333 0.39708333 0.39875   ]
[0.35958333 0.37666667 0.38708333 0.39291667 0.395     ]
[0.37458333 0.39875    0.40708333 0.40875    0.40875   ]
[0.35       0.37041667 0.37458333 0.38166667 0.38041667]
[0.34833333 0.37541667 0.38166667 0.37916667 0.37916667]
[0.36583333 0.38625    0.39208333 0.39333333 0.395     ]
[0.35625    0.37625    0.37583333 0.375      0.37625   ]
[0.35541667 0.3725     0.37875    0.38125    0.38041667]
[0.3775     0.39958333 0.4        0.39875    0.4       ]
[0.38916667 0.40833333 0.41416667 0.41541667 0.41416667]
[0.3875     0.41416667 0.42333333 0.42333333 0.42791667]
[0.37041667 0.39291667 0.39625    0.39916667 0.40041667]
[0.38166667 0.40291667 0.4075     0.40833333 0.40666667]
[0.35875    0.37125    0.37958333 0.38375    0.38375   ]
